-0.00287
-0.010363
-0.0088645
-0.018238
0.0034043
-0.023529
-0.0030312
-0.016778
0.0036316
-0.01165
0.01406
0.0051186
0.027666
-0.010435
0.002032
0.0077908
0.0022391
0.025062
0.02282
0.02555
-0.022284
-0.020017
0.0044487
-0.0056034
-0.013014
-0.0032737
-0.013687
-0.01705
0.002894
-0.012396
-0.012614
-0.017412
0.019207
0.0077487
-0.02231
0.063603
-0.020837
0.060706
0.0591
0.03516
-0.019035
0.026761
-0.025569
-0.012325
0.066568
-0.025139
-0.0082407
0.03375
-0.0030504
0.0071565
-0.0014415
-0.012478
0.0099397
-0.013764
-0.01571
-0.025378
-0.020795
-0.0051414
0.039055
-0.014748
-0.021946
0.039892
0.0057019
0.019562
0.0033405
-0.025315
-0.0078385
0.018156
-0.0051969
0.0056688
-0.020735
-0.007438
-0.0095256
-0.011614
0.035662
0.046954
0.022655
-0.01663
0.011628
-0.0070751
-0.012082
-0.023631
-0.011965
-0.0062653
0.017115
-0.025751
0.0098851
-0.024408
-0.0087056
0.030044
-0.017119
-0.010648
0.028144
-0.019543
7.1056e-05
0.041693
-0.02819
-0.015203
0.0079895
-0.0028666